0.00276899337769
0.00308895111084
0.00294303894043
0.00370597839355
0.00275707244873
0.00224995613098
0.00374603271484
0.00306391716003
0.00241804122925
0.00405597686768
0.00304698944092
0.00242900848389
0.00377798080444
0.00321102142334
0.003093957901
0.00361394882202
0.00274395942688
0.00256896018982
0.00362205505371
0.00293016433716
0.00305390357971
0.00418901443481
0.00332403182983
0.00271821022034
0.00363302230835
0.00345802307129
0.00248098373413
0.00364398956299
0.00306797027588
0.00265002250671
0.00398302078247
0.00313496589661
0.00385808944702
0.00394105911255
0.00324010848999
0.00354218482971
0.00402998924255
0.00343799591064
0.0029149055481
0.00244903564453
0.0036768913269
0.00249481201172
0.00311589241028
0.0038959980011
0.00343608856201
0.00326204299927
0.00421595573425
0.00343918800354
0.00281691551208
0.00419592857361
0.00305914878845
0.0039849281311
0.0042359828949
0.00330901145935
0.00291705131531
0.00395488739014
0.00305604934692
0.00331377983093
0.00413703918457
0.00306010246277
0.00252103805542
0.00377297401428
0.00313806533813
0.00245690345764
0.00301218032837
0.00250506401062
0.00285005569458
0.0037260055542
0.00268387794495
0.00283694267273
0.00368499755859
0.0031099319458
0.00285410881042
0.00370192527771
0.00334191322327
0.00277805328369
0.0035080909729
0.00333714485168
0.00220894813538
0.00238609313965
0.00309610366821
0.00311303138733
0.00371384620667
0.00305199623108
0.00288581848145
0.00354099273682
0.00298619270325
0.00337791442871
0.0037841796875
0.00310707092285
0.0029571056366
0.00352907180786
0.0030620098114
0.00397109985352
0.00357794761658
0.00310707092285
0.00376605987549
0.00228095054626
0.00341701507568
0.00388097763062
0.00306391716003
0.00306391716003
0.00289702415466
0.00395512580872
0.00318503379822
0.00420904159546
0.00357413291931
0.00222301483154
0.00420904159546
0.00313901901245
0.003084897995
0.00356411933899
0.0031099319458
0.00233912467957
0.00377583503723
0.00342798233032
0.00281691551208
0.00336694717407
0.00313687324524
0.0034008026123
0.00372695922852
0.00309896469116
0.00299215316772
0.00388479232788
0.00317597389221
0.00291109085083
0.00391507148743
0.00309109687805
0.00225710868835
0.00357413291931
0.00289797782898
0.00268578529358
0.00373721122742
0.00304102897644
0.0034499168396
0.00432896614075
0.00290894508362
0.00314211845398
0.00420904159546
0.00195693969727
0.00263786315918
0.0034761428833
0.00312805175781
0.00255489349365
0.00360321998596
0.00322413444519
0.00311207771301
0.00380897521973
0.00330591201782
0.00254201889038
0.00311994552612
0.00332593917847
0.00324010848999
0.00367498397827
0.00357913970947
0.00302696228027
0.00354814529419
0.00210309028625
0.00232315063477
0.0028669834137
0.00278115272522
0.00284194946289
0.00370287895203
0.00280117988586
0.00288009643555
0.00365018844604
0.0032479763031
0.00269293785095
0.00357699394226
0.00253081321716
0.0029559135437
0.00417804718018
0.0026638507843
0.00258302688599
0.0036780834198
0.00268197059631
0.0014500617981
0.00303602218628
0.00301313400269
0.00128102302551
0.00251078605652
0.00255417823792
0.00412082672119
0.00274801254272
0.00272011756897
0.00354194641113
0.00263595581055
0.0028350353241
0.00381183624268
0.00285506248474
0.00267386436462
0.0033540725708
0.00262999534607
0.00235795974731
0.00315499305725
0.00342512130737
0.00309920310974
0.00374698638916
0.00292491912842
0.00286197662354
0.00369882583618
0.00319409370422
0.00308609008789
0.00347900390625
0.0024049282074
0.00235509872437
0.00325584411621
0.00208306312561
0.0021710395813
0.00332307815552
0.00311493873596
0.00223803520203
0.00352907180786
0.00277400016785
0.00221991539001
0.00337505340576
0.00286793708801
0.00246286392212
0.00337314605713
0.00345611572266
0.00280594825745
0.00336289405823
0.00285601615906
0.0029878616333
0.00371503829956
0.00286102294922
0.00297284126282
0.00327801704407
0.00282502174377
0.00315809249878
0.00330805778503
0.00329899787903
0.00304317474365
0.00400304794312
0.00329613685608
0.00287389755249
0.00322580337524
0.00254392623901
0.0029821395874
0.00354886054993
0.00339007377625
0.00248193740845
0.00353193283081
0.00337791442871
0.00288605690002
0.00368309020996
0.00311493873596
0.00306987762451
0.00421500205994
0.00218486785889
0.00281596183777
0.0039689540863
0.00364804267883
0.00234293937683
0.00333595275879
0.00276207923889
0.00218200683594
0.00310802459717
0.00307393074036
0.0030779838562
0.00376105308533
0.0026969909668
0.00282502174377
0.00370407104492
0.00310802459717
0.00252485275269
0.00311207771301
0.00288391113281
0.00284194946289
0.00377202033997
0.0029890537262
0.00321984291077
0.00403189659119
0.00286889076233
0.00336909294128
0.00370788574219
0.00283694267273
0.00299501419067
0.00334310531616
0.00283885002136
0.00303602218628
0.00364995002747
0.00284695625305
0.00322604179382
0.00411510467529
0.00334787368774
0.00220489501953
0.00374722480774
0.00267696380615
0.00268816947937
0.00376796722412
0.00286602973938
0.0028440952301
0.00419998168945
0.00278496742249
0.00280714035034
0.00415897369385
0.00287795066833
0.00236201286316
0.00371599197388
