0.00335597991943
0.00234413146973
0.00213313102722
0.00216698646545
0.00216698646545
0.0020809173584
0.00232696533203
0.0024209022522
0.00231599807739
0.00205898284912
0.00221085548401
0.00216889381409
0.00213003158569
0.00219702720642
0.00238490104675
0.00226306915283
0.00224804878235
0.00222015380859
0.00205898284912
0.00229907035828
0.00211787223816
0.00207304954529
0.00209999084473
0.00201678276062
0.00206804275513
0.00210213661194
0.00210189819336
0.00222516059875
0.00216007232666
0.00206398963928
0.00224304199219
0.00218677520752
0.00224590301514
0.00224614143372
0.00209617614746
0.00200891494751
0.00209498405457
0.0024311542511
0.00222587585449
0.0021870136261
0.00209903717041
0.002366065979
0.00220894813538
0.00216102600098
0.00215482711792
0.00220584869385
0.00225496292114
0.00220203399658
0.00223803520203
0.00229811668396
0.00216889381409
0.00202703475952
0.00207114219666
0.00203394889832
0.00201511383057
0.00252199172974
0.00228881835938
0.00225210189819
0.00215697288513
0.00214600563049
0.00205993652344
0.00213599205017
0.00199103355408
0.00213599205017
0.00217199325562
0.00218391418457
0.00213599205017
0.00206804275513
0.00215888023376
0.00255608558655
0.00238490104675
0.00210213661194
0.00225806236267
0.00215697288513
0.00211715698242
0.00216698646545
0.00215411186218
0.00214314460754
0.00219798088074
0.00220012664795
0.00212121009827
0.00217700004578
0.00207495689392
0.00257396697998
0.00228905677795
0.00211095809937
0.00214695930481
0.00217485427856
0.00217008590698
0.0022029876709
0.00224995613098
0.00221991539001
0.00211811065674
0.0022668838501
0.00219798088074
0.00222587585449
0.00209593772888
0.00245404243469
0.00221180915833
0.00221681594849
0.00214886665344
0.00223803520203
0.00216698646545
0.00224781036377
0.0021641254425
0.00203490257263
0.0021378993988
0.00206589698792
0.0021059513092
0.00218605995178
0.00219106674194
0.00235891342163
0.00228691101074
0.00217390060425
0.00223398208618
0.00216603279114
0.00220084190369
0.0023307800293
0.00219988822937
0.00211095809937
0.00206685066223
0.00207495689392
0.00213718414307
0.00213193893433
0.00221490859985
0.00239205360413
0.00238609313965
0.00227618217468
0.00234198570251
0.00225520133972
0.00227189064026
0.00227284431458
0.00233197212219
0.00211596488953
0.002121925354
0.0020968914032
0.0020158290863
0.0021059513092
0.00203800201416
0.00223803520203
0.00253295898438
0.00215411186218
0.00216698646545
0.00212502479553
0.00214195251465
0.00212907791138
0.00222587585449
0.00207877159119
0.002032995224
0.00202488899231
0.00201010704041
0.00203013420105
0.00199317932129
0.00202798843384
0.00223088264465
0.00209403038025
0.00225377082825
0.00213098526001
0.00202107429504
0.0020489692688
0.00208306312561
0.00207805633545
0.0020489692688
0.00210690498352
0.0020580291748
0.00214505195618
0.00209021568298
0.00215005874634
0.00252509117126
0.00222206115723
0.00216722488403
0.00221610069275
0.0021960735321
0.00223588943481
0.00223994255066
0.00213503837585
0.0021870136261
0.00223016738892
0.0022120475769
0.00224900245667
0.00218081474304
0.0022828578949
0.0023181438446
0.00240683555603
0.00233387947083
0.00232815742493
0.00243592262268
0.00219821929932
0.00225496292114
0.00231099128723
0.0021870136261
0.00224900245667
0.00241208076477
0.00230598449707
0.00222206115723
0.00249981880188
0.00265002250671
0.00219511985779
0.00218796730042
0.00214314460754
0.00239706039429
0.00218486785889
0.00217390060425
0.00222992897034
0.00221109390259
0.00218415260315
0.00214600563049
0.00212693214417
0.00205278396606
0.00267601013184
0.00214791297913
0.00209903717041
0.00201392173767
0.00205683708191
0.00207686424255
0.00220894813538
0.0021550655365
0.00210189819336
0.00211501121521
0.00205492973328
0.0020740032196
0.00217604637146
0.00226998329163
0.00268387794495
0.00238108634949
0.00204706192017
0.00203013420105
0.00208902359009
0.00204586982727
0.00206398963928
0.00212597846985
0.00214910507202
0.00199294090271
0.00203585624695
0.00202488899231
0.00212001800537
0.00207591056824
0.00227499008179
0.00233483314514
0.00208401679993
0.00206303596497
0.00200414657593
0.00210905075073
0.00217485427856
0.00214505195618
0.00205516815186
0.00226497650146
0.0020809173584
0.00211191177368
0.00223398208618
0.00202298164368
0.00214600563049
0.00249695777893
0.00227689743042
0.00228905677795
0.00221800804138
0.00206589698792
0.00227284431458
0.00213193893433
0.00210309028625
0.00216507911682
0.00204491615295
0.00208687782288
0.00209188461304
0.00215196609497
0.00207901000977
0.00248408317566
0.00208497047424
0.00212407112122
0.00222301483154
0.00216794013977
0.00213599205017
0.00209307670593
0.00204610824585
0.0020580291748
0.00217008590698
0.00210118293762
0.00211095809937
0.0020158290863
0.00211310386658
0.00201892852783
0.00226092338562
0.00211501121521
0.0021710395813
0.0020649433136
0.00221705436707
0.00214314460754
0.00215601921082
0.00214815139771
0.00211906433105
0.00215196609497
0.00220394134521
0.00214195251465
0.00200605392456
0.00206398963928
0.00207805633545
0.0022029876709
0.00202393531799
0.00211000442505
0.00200891494751
